1,[0.12909522652626038, 3]
1,[0.76397210359573364, 64]
1,[0.19579745829105377, 25]
27,[0.55201834440231323, 79]
60,[0.10144414752721786, 94]
45,[0.49657276272773743, 93]
47,[0.16950221359729767, 8]
18,[0.61541992425918579, 83]
1,[0.47319844365119934, 51]
16,[0.12775000929832458, 10]
1,[0.27601200342178345, 91]
1,[0.54321962594985962, 43]
20,[0.49832865595817566, 27]
32,[0.49832865595817566, 4]
1,[0.51551568508148193, 53]
63,[0.16147379577159882, 11]
34,[1.0, 80]
1,[0.23816516995429993, 8]
1,[0.55696761608123779, 93]
1,[1.0, 0]
4,[0.24038945138454437, 9]
61,[0.49528434872627258, 19]
34,[0.051115561276674271, 6]
54,[0.24519482254981995, 45]
32,[0.12306813150644302, 29]
63,[0.19712385535240173, 44]
2,[0.17227087914943695, 77]
1,[0.19217325747013092, 12]
21,[0.61206996440887451, 2]
1,[0.16489917039871216, 74]
